name: finikie
channels:
  - conda-forge
  - defaults
dependencies:
  - asgiref=3.5.0=pyhd8ed1ab_0
  - bzip2=1.0.8=h8ffe710_4
  - ca-certificates=2021.10.8=h5b45459_0
  - django=4.0.4=py310h5588dad_0
  - djangorestframework=3.13.1=pyhd8ed1ab_0
  - libffi=3.4.2=h8ffe710_5
  - libzlib=1.2.11=h8ffe710_1014
  - openssl=3.0.3=h8ffe710_0
  - pip=22.1=pyhd8ed1ab_0
  - python=3.10.4=hcf16a7b_0_cpython
  - python-tzdata=2022.1=pyhd8ed1ab_0
  - python_abi=3.10=2_cp310
  - pytz=2022.1=pyhd8ed1ab_0
  - setuptools=62.2.0=py310h5588dad_0
  - sqlite=3.38.5=h8ffe710_0
  - sqlparse=0.4.2=pyhd8ed1ab_0
  - tk=8.6.12=h8ffe710_0
  - typing_extensions=4.2.0=pyha770c72_1
  - tzdata=2022a=h191b570_0
  - ucrt=10.0.20348.0=h57928b3_0
  - vc=14.2=hb210afc_6
  - vs2015_runtime=14.29.30037=h902a5da_6
  - wheel=0.37.1=pyhd8ed1ab_0
  - xz=5.2.5=h62dcd97_1
prefix: C:\ProgramData\Anaconda3\envs\finikie
